
me
502503748
10152436768098283
529646772
533833125
535252762
539058435
550370984
550780852
556889712
592407595
671423401
672386873
673185604
697491569
719580019
517463430
723443502
726576918
771948814
787154810
820582839
828320304
1001451782
1019949624
1022201689
1040008585
1075688427
1079212754
1095220471
1095998976
1103701476
1104194307
1104410479
1116180431
1130817695
1133568284
1134433533
1136240453
1138427794
1148391693
1153166731
1167155921
1167219357
1176558654
1177254772
1183316682
1208192653
1212464896
1217103509
1238162512
1243994868
1245096448
1281379504
1311353847
1331616589
1343569544
1388601534
1393913451
1402635335
1403435316
1403995248
1404923889
1406840807
1416499778
1423325961
1428631846
1431552720
1432814268
1436416142
1453380968
1467330895
1478467583
1480716611
1489598198
1492993978
1504534731
1506191757
1526365141
1535007124
1535293969
1554967773
1559786438
1569161132
1578225018
1584995772
1585965266
1596714232
1602801384
1621646276
1621688866
1621934409
1627961229
1630930260
1634136109
1638967074
1640869743
1644711997
1651070993
1656696307
1658557737
1659471509
1668333784
1671609177
1672102704
1697018964
1703246693
1715245580
1719930399
1720460496
1728623146
1734250356
1781644480
1788283769
1791490985
1794871537
1803943069
1809139053
1812061487
1824671007
1827357529
1827456356
1837322130
1842582572
1847182657
100000006795203
100000010017686
100000019236128
100000021711057
100000026812466
100000027858175
100000027923848
100000027994421
100000028368291
100000036378610
100000037271914
100000047114631
100000047184901
100000048611486
100000060508878
100000064428778
100000064568000
100000065014606
100000065868853
100000068045674
100000070422886
100000080574071
100000088724776
100000089090295
100000097132263
100000100724838
100000103822070
100000123603216
100000130674513
100000131627350
100000140264711
100000141400418
100000142015746
100000148671159
100000161435881
100000171272817
100000176850780
100000177360773
100000179224908
100000184353794
100000185595444
100000192576734
100000195165002
100000195544761
100000196094931
100000200639256
100000201459446
100000204340326
100000207756442
100000209870885
100000212201539
100000217459191
100000220888289
100000222069226
100000222121024
100000232170773
100000257534518
100000259262453
100000264601522
100000269582146
100000270741828
100000288563238
100000290757920
100000294762962
100000301256475
100000302704536
100000304762512
100000307805440
100000311582372
100000322072099
100000323157726
100000333991315
100000334012973
100000204635298
100000335855805
100000335981118
100000336950805
100000344702731
100000348112108
100000355401079
100000356615426
100000373455425
100000375647006
100000384762707
100000401795569
100000403634236
100000403935464
100000406618440
100000431550909
100000441485530
100000441570867
100000456984851
100000460785579
100000464553381
100000467982425
100000474863200
100000476597452