me
502503748
10152436768098283
529646772
533833125
535252762
539058435
550370984
550780852
556889712
592407595
671423401
672386873
673185604
697491569
719580019
723443502
726576918
771948814
787154810
820582839
828320304
1001451782
1019949624
1022201689
1040008585
1075688427
1079212754
1095220471
1095998976
1103701476
1104194307
1104410479
1116180431
1130817695
1133568284
1134433533
1136240453
1138427794
1148391693
1153166731
1167155921
1167219357
1176558654
1177254772
1183316682
1208192653
1212464896
1217103509
1238162512
1243994868
1245096448
1281379504
1311353847
1331616589
1343569544
1388601534
1393913451
1402635335
1403435316
1403995248
1404923889
1406840807
1416499778
1423325961
1428631846
1431552720
1432814268
1436416142
1453380968
1467330895
1478467583
1480716611
1489598198
1492993978
1504534731
1506191757
1526365141
1535007124
1535293969
1554967773
1559786438
1569161132
1578225018
1584995772
1585965266
1596714232
1602801384
1621646276
1621688866
1621934409
1627961229
1630930260
1634136109
1638967074
1640869743
1644711997
1651070993
1656696307
1658557737
1659471509
1668333784
1671609177
1672102704
1697018964
1703246693
1715245580
1719930399
1720460496
1728623146
1734250356
1781644480
1788283769
1791490985
1794871537
1803943069
1809139053
1812061487
1824671007
1827357529
1827456356
1837322130
1842582572
1847182657
100000006795203
100000010017686
100000019236128
100000021711057
100000026812466
100000027858175
100000027923848
100000027994421
100000028368291
100000036378610
100000037271914
100000047114631
100000047184901
100000048611486
100000060508878
100000064428778
100000064568000
100000065014606
100000065868853
100000068045674
100000070422886
100000080574071
100000088724776
100000089090295
100000097132263
100000100724838
100000103822070
100000123603216
100000130674513
100000131627350
100000140264711
100000141400418
100000142015746
100000148671159
100000161435881
100000171272817
100000176850780
100000177360773
100000179224908
100000184353794
100000185595444
100000192576734
100000195165002
100000195544761
100000196094931
100000200639256
100000201459446
100000204340326
100000204635298
100000207756442
100000209870885
100000212201539
100000217459191
100000220888289
100000222069226
100000222121024
100000232170773
100000257534518
100000259262453
100000264601522
100000269582146
100000270741828
100000272106958
100000288563238
100000290757920
100000294762962
100000301256475
100000302704536
100000304762512
100000307805440
100000311582372
100000322072099
100000323157726
100000333991315
100000334012973
100000335855805
100000335981118
100000336950805
100000344702731
100000348112108
100000355401079
100000356615426
100000373455425
100000375647006
100000384762707
100000401795569
100000403634236
100000403935464
100000406618440
100000431550909
100000441485530
100000441570867
100000456984851
100000460785579
100000464553381
100000467982425
100000474863200
100000476597452
100000489709757
100000490860783
100000491155297
100000495914340
100000503597358
100000505153812
100000516804611
100000540200982
100000541414998
100000554482998
100000564247344
100000567993696
100000579411473
100000579685897
100000584670552
100000589904751
100000593989548
100000600219116
100000601678519
100000605451844
100000609968095
100000612280884
100000615934884
100000616834274
100000627902019
100000629174607
100000642448388
100000683371742
100000684376825
100000688691188
100000694590524
100000697516656
100000697614259
100000701512476
100000702997091
100000723407692
100000735424597
100000736692368
100000764717101
100000790115564
100000804847402
100000819907558
100000822073478
100000835081631
100000837954497
100000851707815
100000853484535
100000853886754
100000854860975
100000909993560
100000927037570
100000952651698
100000961696599
100000975391772
100000976189006
100000981071910
100001006451942
100001013835396
100001019268728
100001022843135
100001027461184
100001032284526
100001034904493
100001035221367
100001037013783
100001042124172
100001042690831
100001044369795
100001048006402
100001048995808
100001050162092
100001053522831
100001053848254
100001061880028
100001076324095
100001083473604
100001091633068
100001097659566
100001097723140
100001112956492
100001131604631
100001136312522
100001138526620
100001139998936
100001144201353
100001147861208
100001148685038
100001156396980
100001156846648
100001158650500
100001159760934
100001172316946
100001195798576
100001201632896
100001203117378
100001207233391
100001232683733
100001236478223
100001240975909
100001251602055
100001275618815
100001277548778
100001278935279
100001286324068
100001295784539
100001306013436
100001322672057
100001344393806
100001358955876
100001359966457
100001360317334
100001364733078
100001370404773
100001371810571
100001382092611
100001392733521
100001413676261
100001416081567
100001423780986
100001435109072
100001446616366
100001447144343
100001459157952
100001460134682
100001462594521
100001468043551
100001469846448
100001471510716
100001489040867
100001496287845
100001497377002
100001509107759
100001522931495
100001526076237
100001535481435
100001548942535
100001556122632
100001558998245
100001559450341
100001564431030
100001565419156
100001575318978
100001575881935
100001577665562
100001579204511
100001587628247
100001596869044
100001602349767
100001618713078
100001632445053
100001632919223
100001641211473
100001645424142
100001648239559
100001661433185
100001664670308
100001665392848
100001672344570
100001680245252
100001684126161
100001702911538
100001704035271
100001707366214
100001713049204
100001717241000
100001718194833
100001720333511
100001738154689
100001740680973
100001764131393
100001776379778
100001779170140
100001780292578
100001781966493
100001822055740
100001825041499
100001826446795
100001846353759
100001851090171
100001853041101
100001857707937
100001866704507
100001867527574
100001880680098
100001884216721
100001887946243
100001901443511
100001948634862
100001955184744
100001962301370
100001968446806
100001971314067
100001995344389
100002003733554
100002018477889
100002027409478
100002029423969
100002030053480
100002039961759
100002058498441
100002080897293
100002098874392
100002123046355
100002133882968
100002146835154
100002159940181
100002181784650
100002196584213
100002201508333
100002209106967
100002212896274
100002226834434
100002227208579
100002227525292
100002233468220
100002233696281
100002250366176
100002252417349
100002260353982
100002267758156
100002272294212
100002285102976
100002299288302
100002318783366
100002332228780
100002362263374
100002384973401
100002398035878
100002400405005
100002403374117
100002408241697
100002408305846
100002412203602
100002430348243
100002433440840
100002445769152
100002448601060
100002450207145
100002453210305
100002455358632
100002479211149
100002587865871
100002591374224
100002604917646
100002619110121
100002623946378
100002626455462
100002641999405
100002645466571
100002668751633
100002707444016
100002722870319
100002724550250
100002735801301
100002744054001
100002746793507
100002748426560
100002756018739
100002762198364
100002780897461
100002810410743
100002859403190
100002871072776
100002876904410
100002902300782
100002906227216
100002954256897
100002961849250
100002970596729
100002982721685
100002992093732
100003009829909
100003016187314
100003026111351
100003035381506
100003068895053
100003134968091
100003147934794
100003156511159
100003185560782
100003187779767
100003199292297
100003201219668
100003229269962
100003239381811
100003242286594
100003251755320
100003262344309
100003304417560
100003309279569
100003312202598
100003338782059
100003351550654
100003361182668
100003499786211
100003503027942
100003540783803
100003579529495
100003593541830
100003640511300
100003650319280
100003656806616
100003667535538
100003672523730
100003675742815
100003684315258
100003714224566
100003719840872
100003746438400
100003751156374
100003756024840
100003757967708
100003778987355
100003782181734
100003862906122
100003900541411
100003918431837
100003930818809
100003933734612
100003944924020
100003961479761
100003981825112
100003997176897
100004009055307
100004029712734
100004101482784
100004110459823
100004140515377
100004149520572
100004153659950
100004174953677
100004318593131
100004329153974
100004335541595
100004361648463
100004395885459
100004408741254
100004506390176
100004523141033
100004668348913
100004699650836
100004705635865
100004771861430
100004790434285
100004802055676
100004864063466
100004921866921
100004932399162
100004950490517
100005025493928
100005089000132
100005145365196
100005157072623
100005211917703
100005282832877
100005305389439
100005329026654
100005366948472
100005381950020
100005680473128
100005741442988
100005749445093
100005757069964
100005798027328
100005811783523
100005839860645
100006016774254
100006108612076
100006296977652
100006389952369
100006463337731
100006625843616
100006660755604
100006663662673
100006665227200
100006700213833
100006769954546
100006837667950
100006948342435
100007019862017
100007254393498
100007690381999
100007764610538
100007928340168
100007959828189
100008190377251
100008321013309
100008391450105
504948294
517463430
541776831
544693408
568006706
586123457
602301150
603676249
624142763
646162346
648268604
651445374
672269202
695140798
698983881
723578084
785214569
793981309
802496697
817224426
1010500236
1082364981
1083201997
1112951120
1121631310
1181765594
1188640823
1218078052
1235550552
1237330637
1240063926
1269032184
1312502555
1391434037
1422258877
1428770200
1432257687
1463643997
1490049357
1512388140
1519687053
1523564308
1549072065
1550730914
1562192618
1569177379
1597383117
1604195616
1609862494
1696597208
1709277417
1723338590
1733993865
1782789589
1792218422
1818586059
1824460502
1827394502
1836470693
1847465594
100000005121387
100000023029815
100000026456852
100000029135548
100000065942712
100000066109578
100000073729147
100000076122454
100000088978637
100000092613143
100000116764295
100000118852814
100000119031946
100000121167610
100000126994848
100000135743757
100000145982665
100000149193217
100000165353659
100000170408697
100000178458438
100000182352985
100000194198165
100000204888759
100000210826628
100000222199354
100000229904116
100000259595743
100000260426564
100000262851849
100000302645740
100000333390566
100000382954975
100000434187585
100000443418193
100000446136268
100000467048386
100000484865437
100000656056574
100000685738890
100000746325966
100000791114898
100000882999522
100000887577603
100000933505276
100000972405412
100000977975783
100001020194580
100001023669852
100001048260868
100001056835968
100001142028135
100001166299674
100001179665529
100001231264741
100001235851105
100001246000708
100001250578353
100001273359335
100001298989750
100001322585277
100001328952185
100001378160811
100001452545539
100001461056427
100001464914342
100001470600592
100001470842917
100001512532429
100001518003041
100001559820650
100001574887452
100001587484026
100001588541958
100001624325067
100001627166963
100001646728868
100001654862999
100001655573126
100001668043283
100001700745629
100001705509094
100001710073663
100001715396655
100001766845491
100001799135310
100001898080748
100001912410720
100002066942030
100002094042038
100002220662750
100002239433285
100002301455736
100002309599295
637350589686177
100002345882765
100002366836805
100002376684837
100002497548451
100002558927132
100002666533141
100002689742260
100002700233082
100002715143216
100002716475892
100002747943527
100002801780415
100002815643989
100002903093763
100002919511862
100002926024051
100002989850524
100003004436265
100003014569202
100003020656609
100003029769941
100003030689045
100003038781530
100003070144934
100003076063087
100003106196470
100003107761418
100003107884372
100003117619846
100003118877375
100003144507445
100003145567057
100003148412305
100003179170862
100003199803382
100003215258960
100003223591829
100003230589601
100003251948820
100003309237470
100003311825777
100003334038207
100003334728422
100003349775039
100003498173047
100003523780359
100003575505407
100003624792679
100003635525618
100003641314165
100003658669087
100003678176486
100003732840372
100003762216563
100003800098402
100003820281643
100003827174186
100003829662895
100003833341221
100003884649731
100003887277854
100003900987816
100003914824437
100003929800905
100003938461467
100003946175631
100003951669261
100003953485449
100003988084781
100003997694256
100004025177074
100004054272536
100004057834999
100004069993279
100004076301388
100004086924245
100004124166065
100004141567324
100004233663314
100004234324946
100004235071119
100004292234568
302712176548985
100004317909371
100004326309571
100004363839980
100004409109381
100004509128516
100004547049120
100004558742278
100004610230401
100004610462850
100004651030328
100004652437868
100004660028914
100004662275993
100004679584033
100004687534186
100004779242851
100004933831801
100005000011207
100005025312926
100005040185510
100005056478348
100005072982553
100005078321985
100005108568790
100005316012531
100005377875383
100005491393252
100005531943830
100005585866489
100005613036783
100005664815115
100005700492288
100005786143726
100005972199740
100005977456075
100005998511555
100006024130191
100006272524279
100006303512708
100006312523171
100006361123935
100006368312488
100006510043533
100006760233424
100006829622163
100006902590773
100006909669831
100006912158673
100007105890686
100007110641491
100007144302074
100007166591596
100007462561939
100007480321588
100007630452308
100007743098608
100007872904547
100007877522209
100007903502029
100008105979871
100008149452052
100008163761239
100008228137577
100008381081750
13945461
536758487
620909757
621444871
645849456
680661327
684209697
690208720
694666331
704807938
708978475
757385406
767612808
873615709
1008762638
1014454871
1034284462
1154242649
1175791758
1185277650
1237764912
1242147876
1249908930
1269275686
1273945377
1286576674
1309556701
1326243159
1328902948
1351675970
1362220729
1379852886
1382157025
1397894913
1415846658
1480581615
1481945877
1486295833
1487291085
1531820598
1554011431
1554214688
1584977406
1587000228
1603873974
1609097482
1618779449
1629092523
1638980181
1642382552
1655270064
1701422309
1703443669
1706331705
1710258923
1719979106
1720190358
1725527830
1725741402
1731023795
1740175374
1755536366
1757331327
1770738994
1789096975
1793229645
1798643953
1801613702
1801782274
1804823140
1813310100
1816115724
1826855460
1831904449
1835028217
1835086851
1839970073
1846888418
1847384814
1849151785
100000004395700
100000006646384
100000009247480
100000012258371
100000025595718
100000025812564
100000028798501
100000032824506
100000036032045
100000036234153
100000053073431
100000054786470
100000060241412
100000069380887
100000072889678
100000078531249
100000083208935
100000089000823
100000089225375
100000090996542
100000098615579
100000103235553
100000104799964
100000108072646
100000110091327
100000117910048
100000133396872
100000134137336
100000146051275
100000150117927
100000169177153
100000178200720
100000199566105
100000201729964
100000204764387
100000205399410
100000208432637
100000211870910
100000216024552
100000217466425
100000230438938
100000235922455
100000258698968
100000269218276
100000272612608
100000286268675
100000289920080
100000316391815
100000411347601
100000438087940
100000586484611
100000634313470
100000681845475
100000804854702
100000847983425
100000924634985
100000944714721
100001038454998
100001044911457
100001106931528
100001108085598
100001191233086
100001210044024
100001211392301
100001223212362
100001469705540
100001571349687
100001612825050
100001615504449
100001630959267
100001704940281
100001739681094
100001794428755
100001817449052
100001836388845
100001871710777
100002192337418
100002255966838
100002271436920
100002298225103
100002364005777
100002400116737
100002458419841
100002463091860
100002466690032
100002522085330
100002522710885
100002525474925
100002532967465
100002608316892
100002667286939
100002722260563
100002727762849
100002892618223
100002946317352
100002947545534
100003007123107
100003040203407
100003127354840
100003201886809
100003260538213
100003505386180
100003585972392
100003610574875
100003623513312
100003656236968
100003834721006
100003835312872
100003909091638
100004051771731
100004053004882
100004104849434
100004134157343
100004369868736
100004406434018
100004561415482
100004867239941
100004930447244
100005160485653
100005263261987
100006028182039
100006141332072
100006496784483
100006499338909
100006622872437
100007081780003
100007429685104
100008310782664
793199237
1209180499
1383251214
1449204128
1457962683
1602806721
1810195329
100000045292063
100000228152254
100000395470621
100000409980708
100000633422156
100000729880335
100001045582076
100001380561509
100001424856332
100001763212695
100001902219156
100001963945739
100002015439557
100002016545856
100002239593801
100002283847216
100002380676946
100002456510528
100002576693685
100002623033774
100002833623728
100003046095995
100003384818226
100003481064588
100003530358310
100003566730392
100003665312434
100003820290744
100003878222352
100004003112772
100004102058061
100004122485879
100004139250918
100004162025783
100004169379573
365194090296827
100004201392022
100004282327458
100004336488466
100004364560412
100004383577298
100004394079828
100004407829107
100004480419114
100004486592122
100004539917155
100004553957494
100004556589320
100004567694294
100004587881419
100004618086938
100004772209451
100004773572325
100004934520092
100004967977473
100005034166021
100005130913279
100005246080153
100005306472846
100005312017519
100005382961506
100005407741717
100005422685236
100005429328259
100005433404214
100005460974111
100005515036534
100005529481943
100005571611299
100005574348963
100005662034387
100005663444341
100005663797993
100005668631315
100005704153941
100005770600262
100005774282206
100005781816013
100005792977609
100005809950518
100005823421940
100005874512036
100005913554229
100005925734230
100005938477570
100005973818152
100006022473150
100006029826913
100006029836623
100006086610133
100006207122406
100006229023936
100006240729615
100006244540775
100006267043519
100006270278985
100006290714413
100006309729066
100006338713684
100006382564260
100006386403772
100006387513356
100006405062645
100006410826786
100006418304450
100006427408432
100006434016674
100006435943207
100006452673627
100006455792749
100006462212695
100006495499620
100006496029834
100006497711014
100006498487207
100006501381667
100006511544535
100006516523531
100006516641806
100006517757346
100006530287019
100006532098518
100006548498267
100006562328535
100006568446864
100006569620397
100006574243718
100006576101963
100006576422038
100006593085231
100006595324119
100006601024380
100006614739297
100006616841568
100006617976520
100006619089507
100006626227055
100006627606756
100006631957793
100006659586645
100006664954954
100006685141357
100006720575108
100006738901403
100006749581664
100006762603187
100006987014487
100007006380199
100007029284201
100007050647926
100007080588535
100007110190208
100007146871526
100007166627969
100007252694812
100007292142022
100007466073018
100007504987079
100007539136569
100007762982208
100007764274918
100007826649147
100007829612660
100007906471456
100007917728680
100007924590102
100008009082571
100008039593358
100008064752158
100008118784664
100008196826393
100008335050058
100008366652176
100008408255558
100000448320161
100001843557000
100002633715510
100003027851609
100003742093588
100003801188381
100003841989416
100003985915812
100005677505242
632381910
683928718
745011247
821314506
1007896604
1028147652
1074213752
1139317185
1243095031
1258223821
1346179052
1370454148
1381219717
1394598612
1414869393
1434783730
1449325446
1470401466
1480040016
1498096352
1500579439
1569721684
1590673782
1664194882
1674965537
1685280902
1699726346
1729802105
1744481413
1746240377
1785921080
1793591032
1800862041
1812217937
1814559057
1835178646
1836142402
1838594179
1839999869
1847139076
100000021319807
100000025004759
100000057355312
100000063072478
100000063492700
100000073879919
100000087857339
100000091909172
100000092485608
100000096253650
100000097650882
100000123700474
100000131961568
100000138347423
100000147425599
100000149357195
100000153100678
100000161507090
100000181385064
100000191215096
100000194461919
100000201296811
100000217344305
100000221261703
100000221297052
100000226660645
100000233721549
100000235501329
100000239423492
100000240890043
100000243651897
100000245892971
100000263525915
100000263876422
100000267874754
100000278007485
100000279906752
100000288984378
100000297132033
100000307866238
100000328916186
100000347800159
100000366297345
100000379080902
100000382158356
100000388389636
100000391592710
100000399135648
100000400582043
100000412545893
100000426379943
100000432674581
100000437767674
100000438732544
100000445607964
100000448531675
100000456091070
100000456394247
100000462191085
100000472324233
100000478108836
100000484993694
100000508264285
100000586074984
100000620904349
100000622153901
100000682825408
100000685661300
100000818290085
100000846913823
100000973980378
100000977871678
100001048005634
100001051330102
100001077711254
100001100042525
100001104823504
100001109392056
100001139704027
100001169496381
100001191427707
100001196221978
100001197991604
100001281213222
100001327615549
100001330567600
100001386620423
100001415741124
100001421355980
100001489981641
100001523078648
100001531161176
100001542376232
100001547172778
100001548691482
100001572679460
100001587109684
100001665321997
100001695624856
100001711187951
100001715296994
100001731404897
100001733643273
100001740196525
100001803178650
100001865258730
100001886038718
100001914383421
100002261524786
100002337328476
100002413642294
100002433347360
100002549869107
100002920639663
100002956627730
100002964226695
100002976271771
100002985752502
100003033285753
100003050048064
100003057627353
100003071966970
100003103258422
100003122386416
100003175621433
100003253704664
100003347588364
100003347648335
100003694274445
100003747511772
100003754281267
100003755803505
100003788681606
100003808957622
100003820718809
100003859218889
100003874005167
100003905273400
100003917691120
100003971740247
100003978773617
100003990735501
100003995871470
100004022440599
100004048449168
100004048463438
100004068975730
100004079587432
100004106897360
100004153273879
100004158304792
100004212691598
100004272338335
100004274502266
100004275121057
100004319615827
100004409411087
100004426963470
100004435510931
100004533363861
100004584905092
100004641014403
100004672278080
100004756778169
100004991264480
100005025780640
100005059321332
100005129131170
100005140321209
100005182453141
100005212359336
100005305538868
100005430874748
100005464539190
100005479718013
100005496760992
100005509604636
100005512907915
100005575474060
100005624285268
100005627730413
100005729042776
100005991488300
100006107583277
100006638770619
100006842910761
100006894552014
100006931486696
100007996955943
100007999454812
509450101
532833109
547261941
578225139
597638500
632480866
679526085
693617161
711500999
732388204
748574087
757109291
807177776
1017082693
1135564555
1188316865
1217266672
1225812456
1226128604
1226486074
1228549587
1365944221
1370049553
1374498657
1398264736
1414048795
1442067292
1444425934
1455031056
1482846594
1489547978
1541920271
1564789866
1568292406
1569720654
1571390553
1577836312
1586886782
1587414670
1619760273
1621941107
1631640793
1650038622
1661237730
1674875802
1679023163
1684271217
1686671909
1690138033
1744983857
1748153905
1748926788
1751730341
1784457033
1796803695
1812147152
1813785790
1821314826
1821344746
1826180569
1829282117
100000000644030
100000010361813
100000014783176
100000038904192
100000043785947
100000052812143
100000060318012
100000060648098
100000078544928
100000081526294
100000083711787
100000085187139
100000085396203
100000091316476
100000095001410
100000106552138
100000118077553
100000128722480
100000134297796
100000135757673
100000147412799
862920903723023
100000167315699
100000167825702
100000172673971
100000197478545
100000199030655
100000202382100
100000211307075
100000212036131
100000221832631
100000234351201
100000255848574
100000259075513
100000290311092
100000291074063
100000296194992
100000299255803
100000300408652
100000303880864
100000304080654
100000326028441
100000330543828
100000332850934
100000333214178
100000335314414
100000343232348
100000344275513
100000350214117
100000354370050
100000357127453
100000357843865
100000364804058
100000365508785
100000374251853
100000375274781
100000384632499
100000388021790
100000394215965
100000394779608
100000401323442
100000405576451
100000406102601
100000409434329
100000409605865
100000429122957
100000430688064
100000433088197
100000436004264
100000441822307
100000442541453
100000448515360
100000454961974
100000468154660
100000470179320
100000511862011
100000515043255
100000519255864
100000528950794
100000529278918
100000569365375
100000586174803
100000592434836
100000614632301
100000623517581
100000624368928
100000709428309
100000764562006
100000786634541
100000789635937
100000857601191
100000887450077
100000893080964
100000922389369
100000963748484
100000979801977
100000994666323
100001002348046
100001014620862
100001017879443
100001059741010
100001060838679
100001062428407
100001070774902
100001074648463
100001081633411
100001084361487
100001085416049
100001095664111
100001098874194
100001112021096
100001211808445
100001231532343
100001239739163
100001251740575
100001277433935
100001281164220
100001302470304
100001338141399
100001349412375
100001363500600
100001375020367
100001395238435
100001398189170
100001402206483
100001404273556
100001410773103
100001413644381
100001421556698
100001458822958
100001463060972
100001473115217
100001475652428
100001477915320
100001494303000
100001498945296
100001517623388
100001519878347
100001522254224
100001526631241
100001527507655
100001528434140
100001564231628
100001569011158
100001569701498
100001573861520
100001574387333
100001575600138
100001580027767
100001601845289
100001613102413
100001624280171
100001628464872
100001633351338
100001634029884
100001642190500
100001646531279
100001646812692
100001650573095
100001652089739
100001657918370
100001659552425
100001666821003
100001669737462
100001673830693
100001685486195
100001685778919
100001708937367
100001723031886
100001728211865
100001734216637
100001745687171
100001766599126
100001776868470
100001782938396
100001790220720
100001795686330
100001802131409
100001812858492
100001828862211
100001841542892
100001846871953
100001857316413
100001866516961
100001871260653
100001876583265
100001881339042
100001890754137
100001896462937
100001918870816
100001935781425
100002024651435
100002059758446
100002063662577
100002111991292
100002113101078
100002114329522
100002196550459
100002276374968
100002283562714
100002290371243
100002295545559
100002296853518
100002326778468
100002332343406
100002351168634
100002401572057
100002402230959
100002403373480
100002424609652
100002430692680
100002506188323
100002513518395
100002590548482
100002603926920
100002629972212
100002649784649
100002662047623
100002674533069
100002684965474
100002721899180
100002726887839
100002760037877
100002774105301
100002780832302
100002804906486
100002805757577
100002830599067
100002862332042
100002871042541
100002899241582
100002946295733
100002953182754
100002954192449
100002959351811
100002991413586
100003026109365
100003026311728
100003041731335
100003042947130
100003060606682
100003067548833
100003087514018
100003088168934
100003092312650
100003102636980
100003122276221
100003150111064
100003152583522
100003156241662
100003159896446
100003164989171
100003171312867
100003187054263
100003204763273
100003234123403
100003242506036
100003252925606
100003258255551
100003267802971
100003270504915
100003276427453
100003278998561
100003294168934
100003303143288
100003315244227
100003332769626
100003337074278
100003339347094
100003351472249
100003402494316
100003477548345
100003485281948
100003512838054
100003536285901
100003549699133
100003577608359
100003614580413
100003647556443
100003652887695
100003658524546
100003663013939
100003664212243
100003674244788
100003707858100
100003712060352
100003719556680
100003748242886
100003754655349
100003759311658
100003789624053
100003814189321
100003879516453
100003900055856
100003926377929
100003952011026
100003989597646
100004043886037
100004079784854
100004120470889
100004167819638
100004191364925
100004205766577
100004226254778
100004229615983
100004272792960
100004293696013
100004294929912
100004314634919
100004346792044
100004374784718
100004406504439
100004447182512
100004449733012
100004537183796
100004574611170
100004623879646
100004636830899
100004641604498
100004666446749
100004685490145
100004713185141
100004737013066
100004776074038
100004779044415
100004850290430
100004856592315
100004862341846
100004902101654
100005038985843
100005044171350
100005071601449
100005241459576
100005249972799
100005356170891
100005373699158
100005412399034
100005490720788
100005502723277
100005513101929
100005514482770
100005591081567
100005630380318
100005657888616
100005685609459
100005696735093
100005697763095
100005767713173
100005797060620
100005832035215
100005843619347
100005884625197
100005905813408
100005907761956
100005946152747
100006041208730
100006192455696
100006436338080
100006628393978
100006847801896
1419312341643621
100006969879123
100007134306160
100007192992711
100007288778554
100007515219565
100007853836050
100008122567812
100008126438335
100008134087841
100008194686599
100008323894971